                                    "Force Report"

Forces
                          Forces (n)                                                                                                                                Coefficients                                                                                                                             
Zone                      Pressure                                      Viscous                                       Total                                         Pressure                                      Viscous                                       Total                                        
gardziel_dyszy            (-12.613534 -8.9495571e-09 4.7184272e-09)     (1.8883403e-10 -7.7184791e-05 3.2916769e-05)  (-12.613534 -7.719374e-05 3.2921487e-05)      (-0.01426932 -1.012437e-11 5.3378177e-12)     (2.1362238e-13 -8.7316881e-08 3.7237771e-08)  (-0.01426932 -8.7327005e-08 3.7243109e-08)   
glowica                   (-21.163561 0.077326224 0.0067701894)         (-37.896441 0.0021806873 -0.00060699295)      (-59.060001 0.079506912 0.0061631965)         (-0.023941713 8.7476881e-05 7.6589159e-06)    (-0.042871127 2.4669474e-06 -6.8667325e-07)   (-0.06681284 8.9943828e-05 6.9722427e-06)    
korpus                    (-10.571669 0.030500476 0.018146712)          (-91.316433 0.0042857801 -0.0016387538)       (-101.8881 0.034786256 0.016507958)           (-0.011959418 3.450429e-05 2.052884e-05)      (-0.10330359 4.8483768e-06 -1.8538739e-06)    (-0.11526301 3.9352667e-05 1.8674967e-05)    
ster1                     (-7.6179511 3.9946685 -14.573102)             (-4.3775945 0.32649137 0.014702096)           (-11.995546 4.3211599 -14.5584)               (-0.0086179638 0.0045190509 -0.016486121)     (-0.0049522438 0.00036935007 1.6632048e-05)   (-0.013570208 0.004888401 -0.016469489)      
ster2                     (-7.6230002 14.495659 3.9683075)              (-4.3783985 -0.014707107 0.32639473)          (-12.001399 14.480952 4.2947023)              (-0.0086236757 0.016398512 0.0044892294)      (-0.0049531532 -1.6637717e-05 0.00036924074)  (-0.013576829 0.016381874 0.0048584702)      
ster3                     (-7.6231018 -3.9471615 14.410524)             (-4.377907 -0.32613461 -0.014785221)          (-12.001009 -4.2732961 14.395738)             (-0.0086237906 -0.0044653076 0.016302201)     (-0.0049525973 -0.00036894648 -1.6726085e-05) (-0.013576388 -0.0048342541 0.016285475)     
ster4                     (-7.6217039 -14.432547 -3.9516403)            (-4.3768826 0.014882016 -0.32650645)          (-11.998586 -14.417665 -4.2781467)            (-0.0086222092 -0.016327115 -0.0044703743)    (-0.0049514384 1.6835587e-05 -0.00036936713)  (-0.013573648 -0.01631028 -0.0048397414)     
tail                      (-129.45906 -0.249019 -0.38575163)            (-9.7417017 0.042395013 0.014912066)          (-139.20076 -0.20662399 -0.37083956)          (-0.14645322 -0.00028170786 -0.00043638946)   (-0.0110205 4.796023e-05 1.6869581e-05)       (-0.15747372 -0.00023374763 -0.00041951988)  
zapalnik                  (-48.915993 0.030488967 0.0059061513)         (-2.8311002 0.00023845498 -5.9568247e-05)     (-51.747093 0.030727422 0.0058465831)         (-0.055337223 3.449127e-05 6.6814551e-06)     (-0.0032027403 2.697571e-07 -6.7387804e-08)   (-0.058539963 3.4761027e-05 6.6140673e-06)   
------------------------- --------------------------------------------- --------------------------------------------- --------------------------------------------- --------------------------------------------- --------------------------------------------- ---------------------------------------------
Net                       (-253.20957 -8.4580245e-05 -0.50083932)       (-159.29646 0.04955442 0.012444821)           (-412.50603 0.04946984 -0.4883945)            (-0.28644853 -9.568314e-08 -0.00056658477)    (-0.18020739 5.6059456e-05 1.407846e-05)      (-0.46665592 5.5963773e-05 -0.00055250631)   

Forces - Direction Vector (0 0 -1)
                          Forces (n)                                      Coefficients                                   
Zone                      Pressure        Viscous         Total           Pressure        Viscous         Total          
gardziel_dyszy            -4.7184272e-09  -3.2916769e-05  -3.2921487e-05  -5.3378177e-12  -3.7237771e-08  -3.7243109e-08 
glowica                   -0.0067701894   0.00060699295   -0.0061631965   -7.6589159e-06  6.8667325e-07   -6.9722427e-06 
korpus                    -0.018146712    0.0016387538    -0.016507958    -2.052884e-05   1.8538739e-06   -1.8674967e-05 
ster1                     14.573102       -0.014702096    14.5584         0.016486121     -1.6632048e-05  0.016469489    
ster2                     -3.9683075      -0.32639473     -4.2947023      -0.0044892294   -0.00036924074  -0.0048584702  
ster3                     -14.410524      0.014785221     -14.395738      -0.016302201    1.6726085e-05   -0.016285475   
ster4                     3.9516403       0.32650645      4.2781467       0.0044703743    0.00036936713   0.0048397414   
tail                      0.38575163      -0.014912066    0.37083956      0.00043638946   -1.6869581e-05  0.00041951988  
zapalnik                  -0.0059061513   5.9568247e-05   -0.0058465831   -6.6814551e-06  6.7387804e-08   -6.6140673e-06 
------------------------- --------------- --------------- --------------- --------------- --------------- ---------------
Net                       0.50083932      -0.012444821    0.4883945       0.00056658477   -1.407846e-05   0.00055250631  
