                                    "Force Report"

Moments - Moment Center (-1.1323 0 0)
                          Moments (n-m)                                                                                                                             Coefficients                                                                                                                             
Zone                      Pressure                                      Viscous                                       Total                                         Pressure                                      Viscous                                       Total                                        
gardziel_dyszy            (6.1455295e-13 -2.4312766e-05 -5.3524073e-05) (-1.674818e-06 4.5770821e-05 0.00010732558)   (-1.6748174e-06 2.1458055e-05 5.3801504e-05)  (2.6025743e-16 -1.0296229e-08 -2.2666945e-08) (-7.0926978e-10 1.9383515e-08 4.5451379e-08)  (-7.0926952e-10 9.0872857e-09 2.2784434e-08) 
glowica                   (0.00084339122 -0.0026872473 0.065965038)     (-0.060942 0.00035544117 0.0014071174)        (-0.060098608 -0.0023318061 0.067372155)      (3.571683e-07 -1.1380241e-06 2.7935577e-05)   (-2.5808367e-05 1.5052601e-07 5.9590105e-07)  (-2.5451199e-05 -9.8749809e-07 2.8531478e-05)
korpus                    (-8.1379963e-05 -0.023627403 -7.7062261e-05)  (-0.15729768 -0.0011304399 -0.0024624412)     (-0.15737906 -0.024757843 -0.0025395035)      (-3.4463654e-08 -1.0005984e-05 -3.2635147e-08) (-6.6614097e-05 -4.7873072e-07 -1.0428208e-06) (-6.6648561e-05 -1.0484715e-05 -1.075456e-06)
ster1                     (-1.2607453 -19.904749 -5.0027691)            (-0.019423413 -0.22473165 -0.12797279)        (-1.2801688 -20.129481 -5.1307419)            (-0.00053391387 -0.0084294751 -0.002118626)   (-8.2256338e-06 -9.5171755e-05 -5.4195281e-05) (-0.0005421395 -0.0085246469 -0.0021728212)  
ster2                     (-1.2541391 4.966849 -19.799679)              (-0.019415514 0.12781638 -0.22476351)         (-1.2735546 5.0946653 -20.024443)             (-0.00053111618 0.0021034141 -0.0083849791)   (-8.2222887e-06 5.4129043e-05 -9.5185247e-05) (-0.00053933847 0.0021575432 -0.0084801643)  
ster3                     (-1.2468945 19.684999 4.9383582)              (-0.01939362 0.22462823 0.12746486)           (-1.2662881 19.909628 5.0658231)              (-0.00052804815 0.0083364133 0.0020913486)    (-8.2130167e-06 9.5127957e-05 5.3980175e-05)  (-0.00053626117 0.0084315412 0.0021453287)   
ster4                     (-1.2487644 -4.9438467 19.713588)             (-0.019409311 -0.12804595 0.22444206)         (-1.2681737 -5.0718926 19.93803)              (-0.00052884006 -0.0020936729 0.0083485201)   (-8.2196619e-06 -5.4226263e-05 9.5049115e-05) (-0.00053705972 -0.0021478991 0.0084435692)  
tail                      (0.00058738201 -0.58960014 0.42778063)        (0.011364027 0.02227643 -0.062611683)         (0.01195141 -0.56732371 0.36516895)           (2.4875079e-07 -0.00024969015 0.0001811611)   (4.8125594e-06 9.4338599e-06 -2.6515463e-05)  (5.0613102e-06 -0.00024025629 0.00015464564) 
zapalnik                  (-4.8385262e-07 -0.0065986938 0.032825771)    (-0.0013514129 7.3294847e-05 0.0002541725)    (-0.0013518967 -0.0065253989 0.033079944)     (-2.0490706e-10 -2.7944851e-06 1.3901407e-05) (-5.7231073e-07 3.1039682e-08 1.0763968e-07)  (-5.7251563e-07 -2.7634455e-06 1.4009047e-05)
------------------------- --------------------------------------------- --------------------------------------------- --------------------------------------------- --------------------------------------------- --------------------------------------------- ---------------------------------------------
Net                       (-5.0091944 -0.81928493 0.37593839)           (-0.2858706 0.021287508 -0.064134898)         (-5.295065 -0.79799742 0.31180349)            (-0.002121347 -0.00034695951 0.00015920639)   (-0.00012106353 9.0150607e-06 -2.716053e-05)  (-0.0022424105 -0.00033794445 0.00013204586) 

Moments - Moment Center (-1.1323 0 0) Moment Axis (0 0 1)
                          Moments (n-m)                                   Coefficients                                   
Zone                      Pressure        Viscous         Total           Pressure        Viscous         Total          
gardziel_dyszy            -5.3524073e-05  0.00010732558   5.3801504e-05   -2.2666945e-08  4.5451379e-08   2.2784434e-08  
glowica                   0.065965038     0.0014071174    0.067372155     2.7935577e-05   5.9590105e-07   2.8531478e-05  
korpus                    -7.7062261e-05  -0.0024624412   -0.0025395035   -3.2635147e-08  -1.0428208e-06  -1.075456e-06  
ster1                     -5.0027691      -0.12797279     -5.1307419      -0.002118626    -5.4195281e-05  -0.0021728212  
ster2                     -19.799679      -0.22476351     -20.024443      -0.0083849791   -9.5185247e-05  -0.0084801643  
ster3                     4.9383582       0.12746486      5.0658231       0.0020913486    5.3980175e-05   0.0021453287   
ster4                     19.713588       0.22444206      19.93803        0.0083485201    9.5049115e-05   0.0084435692   
tail                      0.42778063      -0.062611683    0.36516895      0.0001811611    -2.6515463e-05  0.00015464564  
zapalnik                  0.032825771     0.0002541725    0.033079944     1.3901407e-05   1.0763968e-07   1.4009047e-05  
------------------------- --------------- --------------- --------------- --------------- --------------- ---------------
Net                       0.37593839      -0.064134898    0.31180349      0.00015920639   -2.716053e-05   0.00013204586  
